[High Premium Options List]
Symbol,Intrinsic,ltp,Strike_Price,Call_Ask1%,Call_Ask2%,Call_Ask3%,Put_Ask1%,Put_Ask2%,Put_Ask3%,Day_Range,Week_Range,Month_Range
TRENT,171.62,4045.2,4000,4.5,5.8999999999999995,2.5,2.6,,1.2,2.44,4.17,17.21
ETERNAL,33.193,284.45,285,4.3,,2,3.5999999999999996,,2,3.48,5.82,13.43
INDUSINDBK,835.417,833.85,830,3.5999999999999996,,2.3,,,1.6,2.04,5.22,10.38
INFY,254.81119,1602,1600,3.5999999999999996,4.6,1.4000000000000001,2.6,3,1.0999999999999999,1.43,3.54,7.69
TATASTEEL,76.221,170.34,170,3.4000000000000004,2.8000000000000003,1.7000000000000002,2.3,2.9000000000000004,1.3,1.89,4.65,9.2
BAJFINANCE,166.188,999.6,1000,3.4000000000000004,4.3,1.7000000000000002,2.4,,1.3,1.52,5,10.4
ADANIPORTS,310.464,1486.3,1480,3.4000000000000004,4.3999999999999995,1.9,,,1,1.51,3.96,7.91
HDFCLIFE,78.523,753.5,750,3.4000000000000004,,1.7000000000000002,2,,1,1.84,3.91,8.45
HEROMOTOCO,1049.694,5817,5800,3.3000000000000003,,1.7999999999999998,2.3,3.5000000000000004,1.4000000000000001,2.14,5.51,9.78
AXISBANK,643.264,1224.7,1220,3.3000000000000003,3.9,1.7000000000000002,1.9,2.3,0.8999999999999999,1.69,3.3,8.59
HINDALCO,607.505,848.8,850,3.3000000000000003,,1.6,2.7,,1.6,1.77,5.19,8.58
BAJAJFINSV,480.6,2021.2,2020,3.1,,1.5,2,,1.0999999999999999,1.62,4.36,7.76
JIOFIN,213.244,293.15,295,3.1,,1.3,2.4,,1.7999999999999998,1.86,4.5,9.87
TECHM,310.382,1579.4,1580,3,,1.5,1.6,,1.3,1.42,3.56,9.82
GRASIM,1468.673,2806.6,2800,2.9000000000000004,3.5999999999999996,1.4000000000000001,1.5,2.1999999999999997,0.8999999999999999,1.6,3.54,8.51
POWERGRID,106.531,261.1,260,2.9000000000000004,3.1,1.6,1.6,2.4,0.8999999999999999,1.29,3.67,7.25
JSWSTEEL,340.317,1079.3,1080,2.9000000000000004,4,1.6,2.1,,1.5,1.91,5.75,8.72
WIPRO,82.193,261.14,260,2.9000000000000004,3.5000000000000004,1.7000000000000002,2.7,3.4000000000000004,1.0999999999999999,1.33,2.87,7.74
ULTRACEMCO,2448.889,11540,11500,2.9000000000000004,,1.4000000000000001,1.7000000000000002,,0.8999999999999999,1.55,2.84,7.19
HCLTECH,269.15396,1655,1660,2.8000000000000003,,1.5,2.9000000000000004,,1.3,1.5,3.8,9.28
BHARTIARTL,203.273,2108,2100,2.8000000000000003,,1.4000000000000001,1.6,,0.8999999999999999,1.41,4.01,7.8
ICICIBANK,469.65,1352.4,1350,2.8000000000000003,,1.3,1.7000000000000002,,0.8,1.08,2.68,6.1
HDFCBANK,354.079,984,985,2.8000000000000003,,1.3,1.6,,0.8999999999999999,1.11,2.67,5.23
TITAN,144.377,3907.9,3900,2.7,,1.3,1.7000000000000002,,1,1.75,3.33,9.01
SBILIFE,182.376,2010.2,2020,2.7,,1,2,,1.2,1.71,3.35,6.98
RELIANCE,648.12,1544.4,1540,2.7,3.6999999999999997,1.5,1.5,,0.8,1.05,2.81,7.25
ASIANPAINT,204.34,2785.7,2780,2.6,,1.3,1.2,,1.2,1.85,5.12,9.38
APOLLOHOSP,632.453,6921.5,6900,2.6,,1.4000000000000001,1.6,,1,1.78,3.21,8.99
TCS,294.119,3217.8,3220,2.6,,1.2,2.1,,1.2,1.32,3.13,7.75
ONGC,292.589,232.91,232.5,2.6,,1.4000000000000001,1.9,,1.0999999999999999,1.78,3.25,6.5
SBIN,616.765,975.85,975,2.5,,1.3,1.4000000000000001,,1,1.11,2.88,6.14
DRREDDY,430.609,1272,1270,2.5,,1.2,1.7999999999999998,,0.8999999999999999,1.45,2.82,7.79
CIPLA,407.531,1496.9,1500,2.5,3.5000000000000004,1,1.9,,1.0999999999999999,1.12,2.28,7.23
EICHERMOT,805.256,7134.5,7150,2.5,,1.4000000000000001,2.1,,1.4000000000000001,1.6,4.33,7.91
MARUTI,3172.502,16398,16400,2.5,3.3000000000000003,1.0999999999999999,1.9,2.3,1.0999999999999999,1.26,3,7.39
KOTAKBANK,845.015,2173.2,2180,2.5,,1.0999999999999999,1.9,,1.2,1.64,2.63,7.85
HINDUNILVR,207.383,2275.6,2280,2.4,,1,1.0999999999999999,,1.2,1.45,3.77,9.6
SUNPHARMA,324.462,1792.9,1800,2.4,3,1,1.7999999999999998,2.6,1.2,1.4,3.07,6.45
TATACONSUM,205.423,1179.8,1180,2.4,3.5000000000000004,1.6,1.7999999999999998,2.6,1.3,1.7,3.86,6.34
BAJAJ-AUTO,1223.784,8895,8900,2.4,,1.4000000000000001,2.3,,1.4000000000000001,1.53,2.97,7.49
ITC,56.707,399.8,400,2.3,2.4,1.0999999999999999,1.3,2.1,0.8,0.98,2.3,5.42
LT,736.989,4062.4,4060,2.1999999999999997,,1.2,,,0.8999999999999999,1.23,3.33,6.76
NTPC,198.221,321.25,322.5,2,,0.8,1.4000000000000001,,1.0999999999999999,1.28,2.78,5.9
NESTLEIND,22.996,1234.6,1230,1.9,,1.4000000000000001,1.7000000000000002,,1,1.61,2.86,7.89
M&M,741.994,3612.8,,,,,,,,1.57,3.77,8.6
ADANIENT,445.61,2232.5,2229.8,,,2.1,,,1.7000000000000002,2.4,6.42,11.38
COALINDIA,171.077,384.75,384.75,,,1,,,0.8,1.35,2.98,5.47

[Swap Difference Options List]
Symbol,Intrinsic,ltp,Strike_Price,Call_Diff1%,Call_Diff2%,Call_Diff3%,Put_Diff1%,Put_Diff2%,Put_Diff3%,Day_Range,Week_Range,Month_Range
NESTLEIND,22.996,1234.6,1230,1.5,,0.1,0.7000000000000001,,0,1.61,2.86,7.89
INDUSINDBK,835.417,833.85,830,1.4000000000000001,,0,,,0,2.04,5.22,10.38
TATACONSUM,205.423,1179.8,1180,1.0999999999999999,1.6,0,0.5,1,0.1,1.7,3.86,6.34
EICHERMOT,805.256,7134.5,7150,0.8999999999999999,,0,0.7000000000000001,,0,1.6,4.33,7.91
LT,736.989,4062.4,4060,0.8,,0,,,0,1.23,3.33,6.76
ASIANPAINT,204.34,2785.7,2780,0.8,,0.1,1.4000000000000001,,0.1,1.85,5.12,9.38
ONGC,292.589,232.91,232.5,0.8,,0,0.4,,0,1.78,3.25,6.5
NTPC,198.221,321.25,322.5,0.7000000000000001,,0,1.2,,0.1,1.28,2.78,5.9
BAJAJ-AUTO,1223.784,8895,8900,0.7000000000000001,,0,0.2,,0,1.53,2.97,7.49
KOTAKBANK,845.015,2173.2,2180,0.7000000000000001,,0,0.4,,0,1.64,2.63,7.85
TECHM,310.382,1579.4,1580,0.7000000000000001,,0,1.7000000000000002,,0,1.42,3.56,9.82
DRREDDY,430.609,1272,1270,0.6,,0,0.6,,0,1.45,2.82,7.79
APOLLOHOSP,632.453,6921.5,6900,0.6,,0,0.3,,0,1.78,3.21,8.99
JSWSTEEL,340.317,1079.3,1080,0.6,1.6,0,0.4,,0,1.91,5.75,8.72
ICICIBANK,469.65,1352.4,1350,0.5,,0,0,,0,1.08,2.68,6.1
ULTRACEMCO,2448.889,11540,11500,0.4,,0,0.1,,0,1.55,2.84,7.19
GRASIM,1468.673,2806.6,2800,0.3,1.0999999999999999,0,0.5,0.7000000000000001,0,1.6,3.54,8.51
SBIN,616.765,975.85,975,0.3,,0,0.5,,0,1.11,2.88,6.14
ADANIPORTS,310.464,1486.3,1480,0.3,1.4000000000000001,0.1,,,0,1.51,3.96,7.91
HINDUNILVR,207.383,2275.6,2280,0.3,,0,1.0999999999999999,,0,1.45,3.77,9.6
SBILIFE,182.376,2010.2,2020,0.3,,0,0.7000000000000001,,0.1,1.71,3.35,6.98
TITAN,144.377,3907.9,3900,0.2,,0,0.5,,0,1.75,3.33,9.01
AXISBANK,643.264,1224.7,1220,0.2,1,0,0.4,0.5,0,1.69,3.3,8.59
HCLTECH,269.15396,1655,1660,0.2,,0,0.4,,0,1.5,3.8,9.28
MARUTI,3172.502,16398,16400,0.2,0.8999999999999999,0,0.2,0.5,0,1.26,3,7.39
POWERGRID,106.531,261.1,260,0.2,1.6,0.1,0.1,0.7000000000000001,0,1.29,3.67,7.25
HEROMOTOCO,1049.694,5817,5800,0.2,,0,0.1,0.6,0,2.14,5.51,9.78
BAJAJFINSV,480.6,2021.2,2020,0.2,,0,0.5,,0,1.62,4.36,7.76
TRENT,171.62,4045.2,4000,0.1,1,0,0,,0,2.44,4.17,17.21
CIPLA,407.531,1496.9,1500,0.1,1.2,0,0.3,,0,1.12,2.28,7.23
HDFCLIFE,78.523,753.5,750,0.1,,0,0.1,,0,1.84,3.91,8.45
JIOFIN,213.244,293.15,295,0.1,,0,0.6,,0.1,1.86,4.5,9.87
RELIANCE,648.12,1544.4,1540,0.1,0.2,0,0,,0,1.05,2.81,7.25
TATASTEEL,76.221,170.34,170,0.1,2.1999999999999997,0,0.1,0.4,0,1.89,4.65,9.2
ETERNAL,33.193,284.45,285,0.1,,0,0.2,,0,3.48,5.82,13.43
HDFCBANK,354.079,984,985,0.1,,0,0.3,,0,1.11,2.67,5.23
SUNPHARMA,324.462,1792.9,1800,0.1,0.8999999999999999,0,0.2,0.8,0,1.4,3.07,6.45
INFY,254.81119,1602,1600,0.1,0.1,0,0.1,0.1,0,1.43,3.54,7.69
TCS,294.119,3217.8,3220,0.1,,0,0.1,,0,1.32,3.13,7.75
BHARTIARTL,203.273,2108,2100,0.1,,0,0,,0,1.41,4.01,7.8
WIPRO,82.193,261.14,260,0.1,0.2,0,0.1,0.5,0,1.33,2.87,7.74
HINDALCO,607.505,848.8,850,0,,0,0.1,,0,1.77,5.19,8.58
ITC,56.707,399.8,400,0,0.6,0,0,0.1,0,0.98,2.3,5.42
BAJFINANCE,166.188,999.6,1000,0,1.0999999999999999,0,0.2,,0,1.52,5,10.4
M&M,741.994,3612.8,,,,,,,,1.57,3.77,8.6
ADANIENT,445.61,2232.5,2229.8,,,0,,,0,2.4,6.42,11.38
COALINDIA,171.077,384.75,384.75,,,0,,,0,1.35,2.98,5.47

[Calendar Swap Difference Options List]
Symbol,Intrinsic,ltp,Strike_Price,Call_Diff%,Put_Diff%,Day_Range,Week_Range,Month_Range
TATASTEEL,76.221,170.34,170,0.1,-0.5,1.89,4.65,9.2
ITC,56.707,399.8,400,0,-0.8,0.98,2.3,5.42
POWERGRID,106.531,261.1,260,-0,-0.7000000000000001,1.29,3.67,7.25
TATACONSUM,205.423,1179.8,1180,0,-0.3,1.7,3.86,6.34
AXISBANK,643.264,1224.7,1220,-0.4,0,1.69,3.3,8.59
GRASIM,1468.673,2806.6,2800,-0.4,-0.2,1.6,3.54,8.51
SUNPHARMA,324.462,1792.9,1800,-0.5,-0.6,1.4,3.07,6.45
JSWSTEEL,340.317,1079.3,1080,-0.5,,1.91,5.75,8.72
MARUTI,3172.502,16398,16400,-0.6,-0.2,1.26,3,7.39
WIPRO,82.193,261.14,260,-0.6,-0.6,1.33,2.87,7.74
BAJFINANCE,166.188,999.6,1000,-0.8,,1.52,5,10.4
ADANIPORTS,310.464,1486.3,1480,-0.8,,1.51,3.96,7.91
CIPLA,407.531,1496.9,1500,-0.8,,1.12,2.28,7.23
RELIANCE,648.12,1544.4,1540,-0.8999999999999999,,1.05,2.81,7.25
INFY,254.81119,1602,1600,-0.8999999999999999,-0.3,1.43,3.54,7.69
TRENT,171.62,4045.2,4000,-1.3,,2.44,4.17,17.21
HDFCBANK,354.079,984,985,,,1.11,2.67,5.23
BHARTIARTL,203.273,2108,2100,,,1.41,4.01,7.8
TCS,294.119,3217.8,3220,,,1.32,3.13,7.75
ICICIBANK,469.65,1352.4,1350,,,1.08,2.68,6.1
SBIN,616.765,975.85,975,,,1.11,2.88,6.14
LT,736.989,4062.4,4060,,,1.23,3.33,6.76
HINDUNILVR,207.383,2275.6,2280,,,1.45,3.77,9.6
HCLTECH,269.15396,1655,1660,,,1.5,3.8,9.28
KOTAKBANK,845.015,2173.2,2180,,,1.64,2.63,7.85
M&M,741.994,3612.8,,,,1.57,3.77,8.6
ULTRACEMCO,2448.889,11540,11500,,,1.55,2.84,7.19
TITAN,144.377,3907.9,3900,,,1.75,3.33,9.01
BAJAJFINSV,480.6,2021.2,2020,,,1.62,4.36,7.76
NTPC,198.221,321.25,322.5,,,1.28,2.78,5.9
ONGC,292.589,232.91,232.5,,,1.78,3.25,6.5
ETERNAL,33.193,284.45,285,,,3.48,5.82,13.43
ASIANPAINT,204.34,2785.7,2780,,,1.85,5.12,9.38
ADANIENT,445.61,2232.5,2229.8,,,2.4,6.42,11.38
BAJAJ-AUTO,1223.784,8895,8900,,,1.53,2.97,7.49
NESTLEIND,22.996,1234.6,1230,,,1.61,2.86,7.89
COALINDIA,171.077,384.75,384.75,,,1.35,2.98,5.47
SBILIFE,182.376,2010.2,2020,,,1.71,3.35,6.98
EICHERMOT,805.256,7134.5,7150,,,1.6,4.33,7.91
JIOFIN,213.244,293.15,295,,,1.86,4.5,9.87
HINDALCO,607.505,848.8,850,,,1.77,5.19,8.58
HDFCLIFE,78.523,753.5,750,,,1.84,3.91,8.45
TECHM,310.382,1579.4,1580,,,1.42,3.56,9.82
HEROMOTOCO,1049.694,5817,5800,,-1.0999999999999999,2.14,5.51,9.78
DRREDDY,430.609,1272,1270,,,1.45,2.82,7.79
APOLLOHOSP,632.453,6921.5,6900,,,1.78,3.21,8.99
INDUSINDBK,835.417,833.85,830,,,2.04,5.22,10.38
